0 e 0	13
1 i 0	50
2 e 1	16
3 e 1	16
4 e 1	17
5 e 1	17
6 e 1	16
7 e 1	11
8 e 1	10
9 i 1	23
10 i 1	28
11 e 2	13
12 e 2	3
13 i 2	17
14 e 3	9
15 e 3	17
16 e 3	9
17 e 3	19
18 e 3	7
19 i 3	23
20 i 3	6
21 i 3	17
22 i 3	29
23 i 3	18
24 i 3	17
25 i 3	23
26 i 3	25
27 i 3	4
28 i 3	23
29 i 3	23
30 i 3	17
31 i 3	25
32 i 3	27
33 i 3	36
34 i 4	23
35 i 4	6
36 i 4	17
37 i 4	29
38 i 4	18
39 i 4	17
40 i 4	23
41 i 4	25
42 i 4	4
43 i 4	23
44 i 4	24
45 i 5	23
46 i 5	6
47 i 5	17
48 i 5	29
49 i 5	18
50 i 5	17
51 i 5	23
52 i 5	25
53 i 5	4
54 i 5	0
55 i 6	23
56 i 6	6
57 i 6	17
58 i 6	29
59 i 6	18
60 i 6	17
61 i 6	21
62 i 7	23
63 i 7	6
64 i 7	17
65 i 7	29
66 i 7	18
67 i 7	9
68 i 8	23
69 i 8	6
70 i 8	9
71 e 9	33
72 e 9	23
73 e 9	26
74 e 9	20
75 e 9	29
76 e 9	22
77 e 9	19
78 e 9	17
79 e 9	17
80 i 9	20
81 i 9	14
82 e 10	18
83 e 10	20
84 e 10	9
85 i 10	26
86 e 11	14
87 i 11	13
88 e 12	15
89 e 12	14
90 e 12	21
91 e 12	9
92 e 12	20
93 e 12	23
94 e 12	14
95 i 12	42
96 e 13	11
97 e 13	2
98 i 13	20
99 i 13	11
100 i 13	9
101 i 13	1
102 i 13	23
103 i 13	13
104 i 13	18
105 i 13	25
106 i 14	20
107 i 14	11
108 i 14	9
109 i 14	1
110 i 14	23
111 i 14	13
112 i 14	0
113 i 15	20
114 i 15	11
115 i 15	9
116 i 15	1
117 i 15	0
118 i 16	20
119 i 16	11
120 i 16	3
121 e 17	15
122 e 17	16
123 e 17	21
124 e 17	21
125 e 17	17
126 e 17	18
127 e 17	20
128 e 17	17
129 e 17	11
130 e 17	5
131 i 17	13
132 e 18	11
133 e 18	22
134 i 18	40
135 e 19	6
136 i 19	13
137 i 19	3
138 e 20	20
139 e 20	12
140 e 20	12
141 e 20	16
142 e 20	14
143 e 20	16
144 e 20	14
145 e 20	19
146 e 20	15
147 i 20	24
148 i 20	18
149 i 20	34
150 i 20	27
151 i 20	24
152 i 21	7
153 e 22	23
154 e 22	9
155 e 22	15
156 i 22	20
157 e 23	6
158 i 23	23
159 e 24	31
160 i 24	35
161 e 25	10
162 e 25	22
163 i 25	25
164 e 26	0
165 i 26	38
166 e 27	14
167 i 27	13
168 e 28	2
169 i 28	10
170 e 29	15
171 i 29	27
172 e 30	12
173 i 30	42
174 e 31	13
175 i 31	8
176 i 32	22
177 e 33	10
178 i 33	43
179 e 34	3
180 i 34	7
181 e 35	16
182 i 35	22
183 e 36	12
184 i 36	30
185 e 37	5
186 e 37	4
187 i 37	9
188 e 38	24
189 e 38	12
190 i 38	7
191 i 39	1
192 i 39	32
193 e 40	17
194 e 40	8
195 i 40	0
196 e 41	15
197 i 41	10
198 e 42	5
199 i 42	17
200 e 43	5
201 i 43	17
202 e 44	16
203 e 44	17
204 e 44	10
205 e 44	20
206 e 44	23
207 e 44	15
208 i 44	21
209 e 45	3
210 i 45	33
